0.66
0.72
0.72
0.71
0.77
0.77
0.76
0.82
0.82
},
0.98
1.04
1.04
1.03
1.09
1.09
1.08
1.14
1.14
},
0.3
0.36
0.36
0.35
0.41
0.41
0.4
0.46
0.46
},
0.26
0.32
0.32
0.31
0.37
0.37
0.36
0.42
0.42
},
0.7
0.76
0.76
0.75
0.81
0.81
0.8
0.86
0.86
},
0.67
0.73
0.73
0.72
0.78
0.78
0.77
0.83
0.83
},
0.99
1.05
1.05
1.04
1.1
1.1
1.09
1.15
1.15
},
0.2
0.26
0.26
0.25
0.31
0.31
0.3
0.36
0.36
},
0.27
0.33
0.33
0.32
0.38
0.38
0.37
0.43
0.43
},
0.05
0.11
0.11
0.1
0.16
0.16
0.15
0.21
0.21
},
0.85
0.91
0.91
0.9
0.96
0.96
0.95
1.01
1.01
},
0.26
0.32
0.32
0.31
0.37
0.37
0.36
0.42
0.42
},
0.15
0.21
0.21
0.2
0.26
0.26
0.25
0.31
0.31
},
0.33
0.39
0.39
0.38
0.44
0.44
0.43
0.49
0.49
},
0.24
0.3
0.3
0.29
0.35
0.35
0.34
0.4
0.4
},
0.24
0.3
0.3
0.29
0.35
0.35
0.34
0.4
0.4
},
0.62
0.68
0.68
0.67
0.73
0.73
0.72
0.78
0.78
},
0.46
0.52
0.52
0.51
0.57
0.57
0.56
0.62
0.62
},
0.73
0.79
0.79
0.78
0.84
0.84
0.83
0.89
0.89
},
0.39
0.45
0.45
0.44
0.5
0.5
0.49
0.55
0.55
},
0.14
0.2
0.2
0.19
0.25
0.25
0.24
0.3
0.3
},
0.24
0.3
0.3
0.29
0.35
0.35
0.34
0.4
0.4
},
0.95
1.01
1.01
1.0
1.06
1.06
1.05
1.11
1.11
},
0.27
0.33
0.33
0.32
0.38
0.38
0.37
0.43
0.43
},
0.39
0.45
0.45
0.44
0.5
0.5
0.49
0.55
0.55
},
0.11
0.17
0.17
0.16
0.22
0.22
0.21
0.27
0.27
},
0.76
0.82
0.82
0.81
0.87
0.87
0.86
0.92
0.92
},
0.85
0.91
0.91
0.9
0.96
0.96
0.95
1.01
1.01
},
0.04
0.1
0.1
0.09
0.15
0.15
0.14
0.2
0.2
},
0.25
0.31
0.31
0.3
0.36
0.36
0.35
0.41
0.41
},
0.44
0.5
0.5
0.49
0.55
0.55
0.54
0.6
0.6
},
0.6
0.66
0.66
0.65
0.71
0.71
0.7
0.76
0.76
},
0.1
0.16
0.16
0.15
0.21
0.21
0.2
0.26
0.26
},
0.37
0.43
0.43
0.42
0.48
0.48
0.47
0.53
0.53
},
0.53
0.59
0.59
0.58
0.64
0.64
0.63
0.69
0.69
},
0.82
0.88
0.88
0.87
0.93
0.93
0.92
0.98
0.98
},
0.25
0.31
0.31
0.3
0.36
0.36
0.35
0.41
0.41
},
0.85
0.91
0.91
0.9
0.96
0.96
0.95
1.01
1.01
},
0.84
0.9
0.9
0.89
0.95
0.95
0.94
1.0
1.0
},
0.38
0.44
0.44
0.43
0.49
0.49
0.48
0.54
0.54
},
0.29
0.35
0.35
0.34
0.4
0.4
0.39
0.45
0.45
},
0.79
0.85
0.85
0.84
0.9
0.9
0.89
0.95
0.95
},
0.08
0.14
0.14
0.13
0.19
0.19
0.18
0.24
0.24
},
0.0
0.06
0.06
0.05
0.11
0.11
0.1
0.16
0.16
},
0.3
0.36
0.36
0.35
0.41
0.41
0.4
0.46
0.46
},
0.68
0.74
0.74
0.73
0.79
0.79
0.78
0.84
0.84
},
0.84
0.9
0.9
0.89
0.95
0.95
0.94
1.0
1.0
},
0.72
0.78
0.78
0.77
0.83
0.83
0.82
0.88
0.88
},
0.54
0.6
0.6
0.59
0.65
0.65
0.64
0.7
0.7
},
0.1
0.16
0.16
0.15
0.21
0.21
0.2
0.26
0.26
},
0.63
0.69
0.69
0.68
0.74
0.74
0.73
0.79
0.79
},
0.57
0.63
0.63
0.62
0.68
0.68
0.67
0.73
0.73
},
0.65
0.71
0.71
0.7
0.76
0.76
0.75
0.81
0.81
},
0.28
0.34
0.34
0.33
0.39
0.39
0.38
0.44
0.44
},
0.56
0.62
0.62
0.61
0.67
0.67
0.66
0.72
0.72
},
0.46
0.52
0.52
0.51
0.57
0.57
0.56
0.62
0.62
},
0.07
0.13
0.13
0.12
0.18
0.18
0.17
0.23
0.23
},
0.28
0.34
0.34
0.33
0.39
0.39
0.38
0.44
0.44
},
0.12
0.18
0.18
0.17
0.23
0.23
0.22
0.28
0.28
},
0.96
1.02
1.02
1.01
1.07
1.07
1.06
1.12
1.12
},
0.44
0.5
0.5
0.49
0.55
0.55
0.54
0.6
0.6
},
0.32
0.38
0.38
0.37
0.43
0.43
0.42
0.48
0.48
},
0.92
0.98
0.98
0.97
1.03
1.03
1.02
1.08
1.08
},
0.76
0.82
0.82
0.81
0.87
0.87
0.86
0.92
0.92
},
0.17
0.23
0.23
0.22
0.28
0.28
0.27
0.33
0.33
},
0.5
0.56
0.56
0.55
0.61
0.61
0.6
0.66
0.66
},
0.68
0.74
0.74
0.73
0.79
0.79
0.78
0.84
0.84
},
0.67
0.73
0.73
0.72
0.78
0.78
0.77
0.83
0.83
},
0.25
0.31
0.31
0.3
0.36
0.36
0.35
0.41
0.41
},
0.35
0.41
0.41
0.4
0.46
0.46
0.45
0.51
0.51
},
0.34
0.4
0.4
0.39
0.45
0.45
0.44
0.5
0.5
},
0.16
0.22
0.22
0.21
0.27
0.27
0.26
0.32
0.32
},
0.95
1.01
1.01
1.0
1.06
1.06
1.05
1.11
1.11
},
0.44
0.5
0.5
0.49
0.55
0.55
0.54
0.6
0.6
},
0.21
0.27
0.27
0.26
0.32
0.32
0.31
0.37
0.37
},
0.05
0.11
0.11
0.1
0.16
0.16
0.15
0.21
0.21
},
0.18
0.24
0.24
0.23
0.29
0.29
0.28
0.34
0.34
},
0.61
0.67
0.67
0.66
0.72
0.72
0.71
0.77
0.77
},
0.7
0.76
0.76
0.75
0.81
0.81
0.8
0.86
0.86
},
0.26
0.32
0.32
0.31
0.37
0.37
0.36
0.42
0.42
},
0.05
0.11
0.11
0.1
0.16
0.16
0.15
0.21
0.21
},
0.33
0.39
0.39
0.38
0.44
0.44
0.43
0.49
0.49
},
0.64
0.7
0.7
0.69
0.75
0.75
0.74
0.8
0.8
},
0.18
0.24
0.24
0.23
0.29
0.29
0.28
0.34
0.34
},
0.38
0.44
0.44
0.43
0.49
0.49
0.48
0.54
0.54
},
0.46
0.52
0.52
0.51
0.57
0.57
0.56
0.62
0.62
},
0.64
0.7
0.7
0.69
0.75
0.75
0.74
0.8
0.8
},
0.4
0.46
0.46
0.45
0.51
0.51
0.5
0.56
0.56
},
0.69
0.75
0.75
0.74
0.8
0.8
0.79
0.85
0.85
},
0.61
0.67
0.67
0.66
0.72
0.72
0.71
0.77
0.77
},
0.84
0.9
0.9
0.89
0.95
0.95
0.94
1.0
1.0
},
0.72
0.78
0.78
0.77
0.83
0.83
0.82
0.88
0.88
},
0.42
0.48
0.48
0.47
0.53
0.53
0.52
0.58
0.58
},
0.87
0.93
0.93
0.92
0.98
0.98
0.97
1.03
1.03
},
0.89
0.95
0.95
0.94
1.0
1.0
0.99
1.05
1.05
},
0.0
0.06
0.06
0.05
0.11
0.11
0.1
0.16
0.16
},
0.91
0.97
0.97
0.96
1.02
1.02
1.01
1.07
1.07
},
0.49
0.55
0.55
0.54
0.6
0.6
0.59
0.65
0.65
},
0.28
0.34
0.34
0.33
0.39
0.39
0.38
0.44
0.44
},
0.54
0.6
0.6
0.59
0.65
0.65
0.64
0.7
0.7
},
0.88
0.94
0.94
0.93
0.99
0.99
0.98
1.04
1.04
},
0.02
0.08
0.08
0.07
0.13
0.13
0.12
0.18
0.18
},
0.1
0.16
0.16
0.15
0.21
0.21
0.2
0.26
0.26
},
0.79
0.85
0.85
0.84
0.9
0.9
0.89
0.95
0.95
},
0.38
0.44
0.44
0.43
0.49
0.49
0.48
0.54
0.54
},
0.47
0.53
0.53
0.52
0.58
0.58
0.57
0.63
0.63
},
0.68
0.74
0.74
0.73
0.79
0.79
0.78
0.84
0.84
},
0.0
0.06
0.06
0.05
0.11
0.11
0.1
0.16
0.16
},
0.99
1.05
1.05
1.04
1.1
1.1
1.09
1.15
1.15
},
0.46
0.52
0.52
0.51
0.57
0.57
0.56
0.62
0.62
},
0.38
0.44
0.44
0.43
0.49
0.49
0.48
0.54
0.54
},
0.49
0.55
0.55
0.54
0.6
0.6
0.59
0.65
0.65
},
0.8
0.86
0.86
0.85
0.91
0.91
0.9
0.96
0.96
},
0.6
0.66
0.66
0.65
0.71
0.71
0.7
0.76
0.76
},
0.6
0.66
0.66
0.65
0.71
0.71
0.7
0.76
0.76
},
0.48
0.54
0.54
0.53
0.59
0.59
0.58
0.64
0.64
},
0.57
0.63
0.63
0.62
0.68
0.68
0.67
0.73
0.73
},
0.54
0.6
0.6
0.59
0.65
0.65
0.64
0.7
0.7
},
0.03
0.09
0.09
0.08
0.14
0.14
0.13
0.19
0.19
},
0.61
0.67
0.67
0.66
0.72
0.72
0.71
0.77
0.77
},
0.37
0.43
0.43
0.42
0.48
0.48
0.47
0.53
0.53
},
0.79
0.85
0.85
0.84
0.9
0.9
0.89
0.95
0.95
},
0.51
0.57
0.57
0.56
0.62
0.62
0.61
0.67
0.67
},
0.4
0.46
0.46
0.45
0.51
0.51
0.5
0.56
0.56
},
0.75
0.81
0.81
0.8
0.86
0.86
0.85
0.91
0.91
},
0.81
0.87
0.87
0.86
0.92
0.92
0.91
0.97
0.97
},
0.69
0.75
0.75
0.74
0.8
0.8
0.79
0.85
0.85
},
0.51
0.57
0.57
0.56
0.62
0.62
0.61
0.67
0.67
},
0.48
0.54
0.54
0.53
0.59
0.59
0.58
0.64
0.64
},
0.29
0.35
0.35
0.34
0.4
0.4
0.39
0.45
0.45
},
0.89
0.95
0.95
0.94
1.0
1.0
0.99
1.05
1.05
},
0.63
0.69
0.69
0.68
0.74
0.74
0.73
0.79
0.79
},
0.88
0.94
0.94
0.93
0.99
0.99
0.98
1.04
1.04
},
0.28
0.34
0.34
0.33
0.39
0.39
0.38
0.44
0.44
},
0.82
0.88
0.88
0.87
0.93
0.93
0.92
0.98
0.98
},
0.58
0.64
0.64
0.63
0.69
0.69
0.68
0.74
0.74
},
0.81
0.87
0.87
0.86
0.92
0.92
0.91
0.97
0.97
},
0.16
0.22
0.22
0.21
0.27
0.27
0.26
0.32
0.32
},
0.64
0.7
0.7
0.69
0.75
0.75
0.74
0.8
0.8
},
0.71
0.77
0.77
0.76
0.82
0.82
0.81
0.87
0.87
},
0.65
0.71
0.71
0.7
0.76
0.76
0.75
0.81
0.81
},
0.97
1.03
1.03
1.02
1.08
1.08
1.07
1.13
1.13
},
0.12
0.18
0.18
0.17
0.23
0.23
0.22
0.28
0.28
},
0.33
0.39
0.39
0.38
0.44
0.44
0.43
0.49
0.49
},
0.05
0.11
0.11
0.1
0.16
0.16
0.15
0.21
0.21
},
0.46
0.52
0.52
0.51
0.57
0.57
0.56
0.62
0.62
},
0.3
0.36
0.36
0.35
0.41
0.41
0.4
0.46
0.46
},
0.81
0.87
0.87
0.86
0.92
0.92
0.91
0.97
0.97
},
0.33
0.39
0.39
0.38
0.44
0.44
0.43
0.49
0.49
},
0.56
0.62
0.62
0.61
0.67
0.67
0.66
0.72
0.72
},
0.17
0.23
0.23
0.22
0.28
0.28
0.27
0.33
0.33
},
0.52
0.58
0.58
0.57
0.63
0.63
0.62
0.68
0.68
},
0.44
0.5
0.5
0.49
0.55
0.55
0.54
0.6
0.6
},
0.5
0.56
0.56
0.55
0.61
0.61
0.6
0.66
0.66
},
0.41
0.47
0.47
0.46
0.52
0.52
0.51
0.57
0.57
},
0.26
0.32
0.32
0.31
0.37
0.37
0.36
0.42
0.42
},
0.74
0.8
0.8
0.79
0.85
0.85
0.84
0.9
0.9
},
0.45
0.51
0.51
0.5
0.56
0.56
0.55
0.61
0.61
},
0.66
0.72
0.72
0.71
0.77
0.77
0.76
0.82
0.82
},
0.46
0.52
0.52
0.51
0.57
0.57
0.56
0.62
0.62
},
0.61
0.67
0.67
0.66
0.72
0.72
0.71
0.77
0.77
},
0.03
0.09
0.09
0.08
0.14
0.14
0.13
0.19
0.19
},
0.74
0.8
0.8
0.79
0.85
0.85
0.84
0.9
0.9
},
0.42
0.48
0.48
0.47
0.53
0.53
0.52
0.58
0.58
},
0.11
0.17
0.17
0.16
0.22
0.22
0.21
0.27
0.27
},
0.35
0.41
0.41
0.4
0.46
0.46
0.45
0.51
0.51
},
0.19
0.25
0.25
0.24
0.3
0.3
0.29
0.35
0.35
},
0.29
0.35
0.35
0.34
0.4
0.4
0.39
0.45
0.45
},
0.24
0.3
0.3
0.29
0.35
0.35
0.34
0.4
0.4
},
0.97
1.03
1.03
1.02
1.08
1.08
1.07
1.13
1.13
},
0.46
0.52
0.52
0.51
0.57
0.57
0.56
0.62
0.62
},
0.48
0.54
0.54
0.53
0.59
0.59
0.58
0.64
0.64
},
0.79
0.85
0.85
0.84
0.9
0.9
0.89
0.95
0.95
},
0.53
0.59
0.59
0.58
0.64
0.64
0.63
0.69
0.69
},
0.92
0.98
0.98
0.97
1.03
1.03
1.02
1.08
1.08
},
0.91
0.97
0.97
0.96
1.02
1.02
1.01
1.07
1.07
},
Vali
0.02
0.08
0.08
0.07
0.13
0.13
0.12
0.18
0.18
},
0.93
0.99
0.99
0.98
1.04
1.04
1.03
1.09
1.09
},
0.39
0.45
0.45
0.44
0.5
0.5
0.49
0.55
0.55
},
0.35
0.41
0.41
0.4
0.46
0.46
0.45
0.51
0.51
},
0.68
0.74
0.74
0.73
0.79
0.79
0.78
0.84
0.84
},
0.36
0.42
0.42
0.41
0.47
0.47
0.46
0.52
0.52
},
0.1
0.16
0.16
0.15
0.21
0.21
0.2
0.26
0.26
},
0.25
0.31
0.31
0.3
0.36
0.36
0.35
0.41
0.41
},
0.49
0.55
0.55
0.54
0.6
0.6
0.59
0.65
0.65
},
0.49
0.55
0.55
0.54
0.6
0.6
0.59
0.65
0.65
},
0.47
0.53
0.53
0.52
0.58
0.58
0.57
0.63
0.63
},
0.12
0.18
0.18
0.17
0.23
0.23
0.22
0.28
0.28
},
0.53
0.59
0.59
0.58
0.64
0.64
0.63
0.69
0.69
},
0.97
1.03
1.03
1.02
1.08
1.08
1.07
1.13
1.13
},
0.62
0.68
0.68
0.67
0.73
0.73
0.72
0.78
0.78
},
0.27
0.33
0.33
0.32
0.38
0.38
0.37
0.43
0.43
},
0.97
1.03
1.03
1.02
1.08
1.08
1.07
1.13
1.13
},
0.02
0.08
0.08
0.07
0.13
0.13
0.12
0.18
0.18
},
0.99
1.05
1.05
1.04
1.1
1.1
1.09
1.15
1.15
},
0.27
0.33
0.33
0.32
0.38
0.38
0.37
0.43
0.43
},
0.45
0.51
0.51
0.5
0.56
0.56
0.55
0.61
0.61
},
0.78
0.84
0.84
0.83
0.89
0.89
0.88
0.94
0.94
},
0.21
0.27
0.27
0.26
0.32
0.32
0.31
0.37
0.37
},
Test
0.77
0.83
0.83
0.82
0.88
0.88
0.87
0.93
0.93
},
targetT
0.81
1.13
0.45
0.41
0.85
0.82
1.14
0.35
0.42
0.2
1.0
0.41
0.3
0.48
0.39
0.39
0.77
0.61
0.88
0.54
0.29
0.39
1.1
0.42
0.54
0.26
0.91
1.0
0.19
0.4
0.59
0.75
0.25
0.52
0.68
0.97
0.4
1.0
0.99
0.53
0.44
0.94
0.23
0.15
0.45
0.83
0.99
0.87
0.69
0.25
0.78
0.72
0.8
0.43
0.71
0.61
0.22
0.43
0.27
1.11
0.59
0.47
1.07
0.91
0.32
0.65
0.83
0.82
0.4
0.5
0.49
0.31
1.1
0.59
0.36
0.2
0.33
0.76
0.85
0.41
0.2
0.48
0.79
0.33
0.53
0.61
0.79
0.55
0.84
0.76
0.99
0.87
0.57
1.02
1.04
0.15
1.06
0.64
0.43
0.69
1.03
0.17
0.25
0.94
0.53
0.62
0.83
0.15
1.14
0.61
0.53
0.64
0.95
0.75
0.75
0.63
0.72
0.69
0.18
0.76
0.52
0.94
0.66
0.55
0.9
0.96
0.84
0.66
0.63
0.44
1.04
0.78
1.03
0.43
0.97
0.73
0.96
0.31
0.79
0.86
0.8
1.12
0.27
0.48
0.2
0.61
0.45
0.96
0.48
0.71
0.32
0.67
0.59
0.65
0.56
0.41
0.89
0.6
0.81
0.61
0.76
0.18
0.89
0.57
0.26
0.5
0.34
0.44
0.39
1.12
0.61
0.63
0.94
0.68
1.07
1.06
},
targetV
0.17
1.08
0.54
0.5
0.83
0.51
0.25
0.4
0.64
0.64
0.62
0.27
0.68
1.12
0.77
0.42
1.12
0.17
1.14
0.42
0.6
0.93
0.36
0.92
},
